ID      XS (fb) Process #events
36890	78.7214	yyvllv	1348
36891	30.1409	yyvllv	4450
36911	64.2029	yyuyyc	427
36915	63.9447	yycyyu	203
36941	0.21113	eeveev	10001
36942	0.552844	eeveev	10001
36943	0.111021	eeveev	10001
36945	0.411167	eevelv	10001
36954	1.00378	eevlev	10001
36958	2.42015	eevllv	10001
36978	0.633038	llvelv	10001
36979	0.00581244	llvelv	10001
36990	1.06473	llvllv	10001
36991	0.0278706	llvllv	10001
37012	0.0328665	vvveev	10001
37014	0.921003	vvvelv	10001
37023	0.00714565	vvvlev	10001
37026	1.76014	vvvllv	10001
37027	0.0318666	vvvllv	10001
37078	15.6981	xxxyyx	1115
37148	0.192551	eeeell	10001
37149	0.0295146	eeeeee	10001
37150	0.0353329	eeeeee	10001
37151	0.0302073	eeeeee	10001
37152	0.0361037	eeeeee	10001
37385	1.05534	aa_eevv	10001
37386	0.24197	aa_eevv	10001
37387	0.251437	aa_eevv	10001
37388	0.016846	aa_eevv	10001
37389	2.0267	aa_levv	10001
37390	0.43307	aa_levv	10001
37391	0.4511	aa_levv	10001
37392	0.0250269	aa_levv	10001
37393	6.07231	aa_vexy	10001
37394	1.32918	aa_vexy	10001
37395	1.37797	aa_vexy	10001
37396	0.0789237	aa_vexy	10001
37397	2.021	aa_elvv	10001
37398	0.432893	aa_elvv	10001
37399	0.452265	aa_elvv	10001
37400	0.0250833	aa_elvv	10001
37401	4.1323	aa_llvv	10001
37402	0.913207	aa_llvv	10001
37403	0.948673	aa_llvv	10001
37404	0.0576705	aa_llvv	10001
37405	12.143	aa_vlxy	12143
37406	2.64389	aa_vlxy	10001
37407	2.7604	aa_vlxy	10001
37408	0.157326	aa_vlxy	10001
37409	6.07841	aa_evxy	10001
37410	1.32418	aa_evxy	10001
37411	1.37937	aa_evxy	10000
37412	0.0789254	aa_evxy	10000
37413	12.1483	aa_lvxy	12149
37414	2.6461	aa_lvxy	9998
37415	2.75262	aa_lvxy	10001
37416	0.156964	aa_lvxy	10001
37417	34.9744	aa_xxyy	34974
37418	7.70921	aa_xxyy	9998
37419	8.01235	aa_xxyy	10001
37420	0.498194	aa_xxyy	10000
37421	0.0589052	aa_vvxx	10001
37422	0.0317042	aa_vvxx	10001
37423	0.0319104	aa_vvxx	10000
37424	0.00508054	aa_vvxx	10001
37425	0.458839	aa_xxxx	9999
37426	0.398236	aa_xxxx	9999
37427	0.399729	aa_xxxx	10001
37428	0.220689	aa_xxxx	9999
37429	0.00705185	aa_vvyy	10001
37430	0.00380342	aa_vvyy	10001
37431	0.00382497	aa_vvyy	10001
37432	0.000612931	aa_vvyy	10001
37433	1.7671	aa_eexx	10001
37434	2.2876	aa_eexx	10000
37435	2.29716	aa_eexx	10001
37436	2.50692	aa_eexx	10001
37437	3.4178	aa_llxx	10001
37438	4.37807	aa_llxx	10001
37439	4.38634	aa_llxx	10001
37440	4.78028	aa_llxx	10001
37441	1.13564	aa_eeee	10001
37442	1.58363	aa_eeee	10001
37443	1.58403	aa_eeee	10001
37444	1.91117	aa_eeee	10001
37445	5.07272	aa_eell	10001
37446	7.51864	aa_eell	10001
37447	7.5374	aa_eell	10001
37448	10.2896	aa_eell	10291
37449	0.297581	aa_eeyy	10001
37450	0.327111	aa_eeyy	10000
37451	0.32792	aa_eeyy	10000
37452	0.323697	aa_eeyy	10001
37453	4.36134	aa_llll	10001
37454	6.08296	aa_llll	10001
37455	6.0924	aa_llll	10001
37456	7.5882	aa_llll	10001
37457	0.571259	aa_llyy	10001
37458	0.624118	aa_llyy	10000
37459	0.627428	aa_llyy	10000
37460	0.613193	aa_llyy	10001
37461	0.0179158	aa_yyyy	10000
37462	0.0107719	aa_yyyy	10001
37463	0.0108503	aa_yyyy	10000
37464	0.00323274	aa_yyyy	10001
37473	41837.0	aa_ee	7924705
37474	124298.0	aa_ee	22684320
37475	124585.0	aa_ee	22684320
37476	425807.0	aa_ee	22684320
37477	86486.6	aa_ll	3085295
37478	242538.0	aa_ll	16968681
37479	242784.0	aa_ll	16966247
37480	831956.0	aa_ll	16968753
37481	33021.3	aa_xx	5148104
37482	92984.3	aa_xx	5300090
37483	93144.5	aa_xx	5299522
37484	289916.0	aa_xx	5510184
37485	3093.29	aa_yy	3093341
37486	8730.23	aa_yy	5075275
37487	8740.04	aa_yy	5013470
37488	27174.7	aa_yy	5198116
37489	742.357	ea_evv	742360
37490	880.757	ea_evv	880761
37491	175.855	ea_evv	175856
37492	333.933	ea_evv	333935
37493	936.094	ea_lvv	936099
37494	739.274	ea_lvv	739278
37497	2770.32	ea_vxy	2770390
37498	2182.03	ea_vxy	2182082
37501	8465.73	ea_exx	4728747
37502	15732.8	ea_exx	4818328
37503	8190.22	ea_exx	4773771
37504	15348.5	ea_exx	4861271
37505	10988.7	ea_eee	10988710
37506	20752.9	ea_eee	19876240
37507	10942.9	ea_eee	10942966
37508	20649.8	ea_eee	19876240
37509	25428.5	ea_ell	14942663
37510	41641.3	ea_ell	15423205
37511	25325.6	ea_ell	14941527
37512	41535.7	ea_ell	15421946
37513	1474.88	ea_eyy	1474917
37514	2783.11	ea_eyy	2783165
37515	1232.65	ea_eyy	1232675
37516	2359.35	ea_eyy	2359394
37517	175.839	ae_evv	175840
37518	334.381	ae_evv	334383
37519	742.171	ae_evv	742174
37520	881.78	ae_evv	881784
37523	936.929	ae_lvv	936934
37524	740.043	ae_lvv	740047
37527	2772.04	ae_vxy	2772112
37528	2182.19	ae_vxy	2182241
37529	8207.99	ae_exx	4775041
37530	15357.5	ae_exx	4861430
37531	8431.98	ae_exx	4727993
37532	15787.6	ae_exx	4818380
37533	10942.1	ae_eee	10942114
37534	20722.5	ae_eee	19876240
37535	10991.8	ae_eee	10991830
37536	20775.1	ae_eee	19876240
37537	25320.0	ae_ell	14939207
37538	41541.1	ae_ell	15422360
37539	25435.6	ae_ell	14941561
37540	41720.5	ae_ell	15422492
37541	1234.89	ae_eyy	1234913
37542	2361.66	ae_eyy	2361704
37543	1475.47	ae_eyy	1475499
37544	2784.96	ae_eyy	2785021
37545	2439.49	aamin_04_10_m1	100036
37546	673.338	aamin_04_10_m1	100039
37547	697.098	aamin_04_10_m1	100036
37548	66.4308	aamin_04_10_m1	100036
37549	390.717	aamin_10_20_m1	100038
37550	110.001	aamin_10_20_m1	100042
37551	113.35	aamin_10_20_m1	100027
37552	10.957	aamin_10_20_m1	100033
37553	101.572	aamin_20_40_m1	100044
37554	28.5609	aamin_20_40_m1	100034
37555	29.6484	aamin_20_40_m1	100037
37556	2.83444	aamin_20_40_m1	100033
37557	21.3363	aamin_40_xx_m1	100050
37558	5.39281	aamin_40_xx_m1	100025
37559	5.60087	aamin_40_xx_m1	100042
37560	0.493246	aamin_40_xx_m1	100035
37561	31029.2	aamin_04_10_m4	100007
37562	19341.4	aamin_04_10_m4	100008
37563	19426.3	aamin_04_10_m4	100006
37564	3936.22	aamin_04_10_m4	100009
37565	2181.92	aamin_10_20_m4	100008
37566	1345.93	aamin_10_20_m4	100010
37567	1354.39	aamin_10_20_m4	100008
37568	276.107	aamin_10_20_m4	100006
37569	331.658	aamin_20_40_m4	100005
37570	217.266	aamin_20_40_m4	100008
37571	219.191	aamin_20_40_m4	100006
37572	46.593	aamin_20_40_m4	100006
37573	48.896	aamin_40_xx_m4	100007
37574	26.9123	aamin_40_xx_m4	100008
37575	27.155	aamin_40_xx_m4	100008
37576	4.61363	aamin_40_xx_m4	100010
37623	63.8627	bbcyyc	886
250002	680.225	4f_zz_h	263180
250004	271.876	4f_zz_h	98629
250006	7680.69	4f_ww_h	3318372
250008	33.5218	4f_ww_h	16762
250010	6400.11	4f_zzorww_h	2928933
250012	78.6961	4f_zzorww_h	39350
250014	608.57	4f_zz_sl	201743
250016	288.362	4f_zz_sl	74188
250018	9521.45	4f_ww_sl	4357184
250022	60.0221	4f_zz_l	30012
250024	36.8321	4f_zz_l	18417
250026	790.713	4f_ww_l	243627
250028	4.16979	4f_ww_l	2086
250030	819.819	4f_zzorww_l	409913
250032	19.0229	4f_zzorww_l	9512
250033	6991.01	4f_sze_l	3225231
250034	7257.72	4f_sze_l	3088163
250035	6985.0	4f_sze_l	3222553
250036	7107.69	4f_sze_l	2878090
250037	1775.49	4f_sze_sl	751003
250038	1961.13	4f_sze_sl	848066
250039	1778.01	4f_sze_sl	752185
250040	1726.55	4f_sze_sl	817280
250041	753.07	4f_sw_sl	302299
250042	7805.53	4f_sw_sl	3607666
250043	750.068	4f_sw_sl	263520
250044	22.8265	4f_sw_sl	11414
250045	252.121	4f_sw_l	126061
250046	2605.8	4f_sw_l	1150267
250047	252.001	4f_sw_l	126002
250048	8.37009	4f_sw_l	4186
250049	156.722	4f_szeorsw_l	78362
250050	1010.93	4f_szeorsw_l	505469
250051	156.837	4f_szeorsw_l	78419
250052	28.5533	4f_szeorsw_l	14278
250054	278.797	4f_sznu_l	139400
250056	14.8503	4f_sznu_l	7426
250058	951.715	4f_sznu_sl	367535
250060	58.9838	4f_sznu_sl	29493
252004	79.1621787139	neu1neu2g	23547
252021	14479.682	2f_z_vg	7239848
252022	786.88645	2f_z_vg	393445
