Process              #events      weight #tracks/event 2 GeV, central
2f_z_vg              7633293    0.019     0.00     0.00
4f_sw_l              1406516    0.089     2.16     0.74
4f_sw_sl             4184899   12.286    20.54     4.99
4f_sze_l            12414037    1.248     4.11     0.45
4f_sze_sl            3168534    0.905    16.09     1.55
4f_szeorsw_l          676528    0.026     2.00     0.74
4f_sznu_l             146826    0.001     2.18     0.85
4f_sznu_sl            397028    0.249    20.74     6.32
4f_ww_h              3335134   34.233    39.34     8.19
4f_ww_l               245713    0.008     2.32     0.67
4f_ww_sl             4357184   18.120    20.83     4.37
4f_zz_h               361809    0.302    42.38    10.84
4f_zz_l                48429    0.001     3.50     1.29
4f_zz_sl              275931    0.067    22.60     5.55
4f_zzorww_h          2968283   25.624    39.37     8.24
4f_zzorww_l           419425    0.011     2.32     0.67
aa_ee               75977665  194.492     4.00     1.00
aa_eeee                40004    0.001     6.00     1.57
aa_eell                40294    0.003     6.31     1.45
aa_eevv                40004    0.000     4.00     1.31
aa_eexx                40003    0.001    14.79     1.70
aa_eeyy                40002    0.000    16.78     2.39
aa_elvv                40004    0.000     4.16     1.44
aa_evxy                40002    0.001    21.87     5.39
aa_levv                40004    0.000     4.16     1.44
aa_ll               53988976  503.176     4.32     0.74
aa_llll                40004    0.002     6.62     1.29
aa_llvv                40004    0.001     4.32     1.46
aa_llxx                40004    0.002    15.08     1.57
aa_llyy                40002    0.000    17.00     2.26
aa_lvxy                42149    0.002    22.04     5.48
aa_vexy                40004    0.001    21.84     5.37
aa_vlxy                42146    0.002    21.97     5.47
aa_vvxx                40003    0.000    15.93     1.55
aa_vvyy                40004    0.000    16.21     1.55
aa_xx               21257900  602.553    12.63     0.54
aa_xxxx                39998    0.000    25.13     2.48
aa_xxyy                64973    0.006    39.95     9.72
aa_yy               18380202   57.458    12.97     0.50
aa_yyyy                40002    0.000    32.42     4.80
aaddhad             21646233 209703.081     6.28     0.01
aamin_04_10_m1        400147    0.682    34.27     0.05
aamin_04_10_m4        400030    6.766    27.85     0.16
aamin_10_20_m1        400140    0.143    40.35     0.56
aamin_10_20_m4        400032    0.880    30.70     1.04
aamin_20_40_m1        400148    0.046    43.77     2.58
aamin_20_40_m4        400025    0.203    33.00     3.15
aamin_40_xx_m1        400152    0.015    45.36     6.63
aamin_40_xx_m4        400033    0.019    35.64     6.68
ae_eee              61686424    9.122     4.00     0.95
ae_ell              60725620   28.165     4.33     0.77
ae_evv               2134181    0.019     2.00     0.64
ae_exx              19182844   31.976    13.70     1.58
ae_eyy               7857137    4.019    17.21     1.89
ae_lvv               1676981    0.031     2.16     0.75
ae_vxy               4954353    5.273    20.17     5.19
bbcyyc                   886    0.003    65.57    25.44
ea_eee              61684156    8.898     4.00     0.95
ea_ell              60729341   28.162     4.33     0.77
ea_evv               2132912    0.024     2.00     0.64
ea_exx              19182117   32.238    13.71     1.58
ea_eyy               7850151    4.415    17.22     1.89
ea_lvv               1675377    0.044     2.16     0.75
ea_vxy               4952472    7.361    20.17     5.20
eeeeee                 40004    0.000     6.00     1.43
eeeell                 10001    0.000     6.34     1.30
eeveev                 30003    0.000     4.00     1.71
eevelv                 10001    0.000     4.16     1.77
eevlev                 10001    0.000     4.15     2.01
eevllv                 10001    0.000     4.32     2.13
llvelv                 20002    0.000     4.48     2.65
llvllv                 20002    0.000     4.64     2.55
neu1neu2g              23547    4.344     0.26     0.00
vvveev                 10001    0.000     2.00     0.76
vvvelv                 10001    0.000     2.16     1.33
vvvlev                 10001    0.000     2.17     1.71
vvvllv                 20002    0.000     2.33     1.45
xxxyyx                  1115    0.008    59.07    19.36
yycyyu                   203    0.011    63.78    25.43
yyuyyc                   427    0.005    65.00    25.04
yyvllv                  5798    0.034    28.77    11.91
