106553	12383.299
106576	713.52633
106565	119.28943
106574	604.97119
106551	14874.28
106575	1422.1429
106577	18780.976
106568	922.04811
106558	1019.5228
106573	1402.0553
106586	3334.6576
106575	1422.1429
106564	9999.5172
106576	713.52633
106553	12383.299
106553	12383.299
106553	12383.299
106564	9999.5172
106556	1084.0873
106554	224.84359
106575	1422.1429
106563	119.68261
106573	1402.0553
106575	1422.1429
106552	136.35687
106557	1008.4063
106553	12383.299
106551	14874.28
106577	18780.976
106573	1402.0553
106565	119.28943
106586	3334.6576
106581	1564.2091
106571	456.79981
106576	713.52633
106575	1422.1429
106553	12383.299
106564	9999.5172
106586	3334.6576
106553	12383.299
106559	259.75634
106576	713.52633
106573	1402.0553
106575	1422.1429
106553	12383.299
106577	18780.976
106569	27.62513
106551	14874.28
106558	1019.5228
106573	1402.0553
106554	224.84359
106563	119.68261
106556	1084.0873
106577	18780.976
106564	9999.5172
106575	1422.1429
106553	12383.299
106551	14874.28
106553	12383.299
106553	12383.299
106564	9999.5172
106573	1402.0553
106551	14874.28
106574	604.97119
106553	12383.299
106552	136.35687
106575	1422.1429
106553	12383.299
106577	18780.976
106576	713.52633
106553	12383.299
106575	1422.1429
106575	1422.1429
106577	18780.976
106571	456.79981
106581	1564.2091
106573	1402.0553
106576	713.52633
106553	12383.299
106572	130.78916
106577	18780.976
106551	14874.28
106573	1402.0553
106573	1402.0553
106551	14874.28
106574	604.97119
106581	1564.2091
106553	12383.299
106564	9999.5172
106576	713.52633
106573	1402.0553
106577	18780.976
106564	9999.5172
106551	14874.28
106553	12383.299
106575	1422.1429
106580	99.506102
106577	18780.976
106566	85.616028
106589	192.75282
106575	1422.1429
106570	21.594145
106577	18780.976
106573	1402.0553
106551	14874.28
106553	12383.299
106575	1422.1429
106554	224.84359
106560	459.05527
106553	12383.299
106558	1019.5228
106573	1402.0553
106575	1422.1429
106553	12383.299
106576	713.52633
106564	9999.5172
106555	1009.6032
106564	9999.5172
106551	14874.28
106574	604.97119
106553	12383.299
106571	456.79981
106586	3334.6576
106574	604.97119
106574	604.97119
106573	1402.0553
106564	9999.5172
106562	316.5156
106577	18780.976
106572	130.78916
106575	1422.1429
106564	9999.5172
106575	1422.1429
106578	172.73264
106577	18780.976
106551	14874.28
106564	9999.5172
106553	12383.299
106551	14874.28
106560	459.05527
106577	18780.976
106556	1084.0873
106575	1422.1429
106564	9999.5172
106574	604.97119
106577	18780.976
106585	39.949886
106575	1422.1429
106553	12383.299
106567	27.671291
106556	1084.0873
106577	18780.976
106573	1402.0553
106574	604.97119
106573	1402.0553
106551	14874.28
106553	12383.299
106588	29.09778
106553	12383.299
106574	604.97119
106577	18780.976
106577	18780.976
106575	1422.1429
106564	9999.5172
106575	1422.1429
106578	172.73264
106566	85.616028
106552	136.35687
106573	1402.0553
106551	14874.28
106553	12383.299
106576	713.52633
106577	18780.976
106572	130.78916
106571	456.79981
106573	1402.0553
106564	9999.5172
106553	12383.299
106573	1402.0553
106574	604.97119
106577	18780.976
106555	1009.6032
106553	12383.299
106576	713.52633
106574	604.97119
106573	1402.0553
106573	1402.0553
106575	1422.1429
106581	1564.2091
106571	456.79981
106553	12383.299
106576	713.52633
106553	12383.299
106574	604.97119
106564	9999.5172
106563	119.68261
106575	1422.1429
106554	224.84359
106573	1402.0553
106575	1422.1429
106578	172.73264
106553	12383.299
106560	459.05527
106551	14874.28
106565	119.28943
106551	14874.28
106553	12383.299
106576	713.52633
106571	456.79981
106581	1564.2091
106582	14.691728
106577	18780.976
106573	1402.0553
106564	9999.5172
106574	604.97119
106586	3334.6576
106562	316.5156
106575	1422.1429
106558	1019.5228
106573	1402.0553
106551	14874.28
106576	713.52633
106564	9999.5172
106553	12383.299
106571	456.79981
106552	136.35687
106564	9999.5172
106578	172.73264
106575	1422.1429
106553	12383.299
106551	14874.28
106574	604.97119
106553	12383.299
106560	459.05527
106551	14874.28
106553	12383.299
106573	1402.0553
106579	157.96041
106556	1084.0873
106554	224.84359
106563	119.68261
106575	1422.1429
106564	9999.5172
106575	1422.1429
106574	604.97119
106558	1019.5228
106586	3334.6576
106574	604.97119
106564	9999.5172
106553	12383.299
106576	713.52633
106564	9999.5172
106559	259.75634
106555	1009.6032
106586	3334.6576
106576	713.52633
106553	12383.299
106581	1564.2091
106577	18780.976
106575	1422.1429
106562	316.5156
106573	1402.0553
106553	12383.299
106554	224.84359
106553	12383.299
106575	1422.1429
106553	12383.299
106573	1402.0553
106551	14874.28
106554	224.84359
106575	1422.1429
106556	1084.0873
106577	18780.976
106573	1402.0553
106553	12383.299
106577	18780.976
106560	459.05527
106553	12383.299
106575	1422.1429
106564	9999.5172
106564	9999.5172
106576	713.52633
106553	12383.299
106564	9999.5172
106551	14874.28
106573	1402.0553
106553	12383.299
106575	1422.1429
106576	713.52633
106577	18780.976
106573	1402.0553
106572	130.78916
106577	18780.976
106568	922.04811
106571	456.79981
106587	39.915123
106581	1564.2091
106553	12383.299
106575	1422.1429
106564	9999.5172
106576	713.52633
106574	604.97119
106551	14874.28
106601	25108.525
106605	21226.352
106602	25286.933
106603	25128.282
106603	25128.282
106603	25128.282
106604	24228.041
106608	71272.814
106607	129148.58
106602	25286.933
106606	16470.018
106608	71272.814
106603	25128.282
106605	21226.352
106602	25286.933
106603	25128.282
106605	21226.352
106601	25108.525
106604	24228.041
106606	16470.018
106604	24228.041
106603	25128.282
106605	21226.352
106602	25286.933
106601	25108.525
106607	129148.58
106607	129148.58
106608	71272.814
106601	25108.525
106608	71272.814
106607	129148.58
106607	129148.58
106603	25128.282
106601	25108.525
106608	71272.814
106605	21226.352
106601	25108.525
106605	21226.352
106601	25108.525
106607	129148.58
106603	25128.282
106601	25108.525
106604	24228.041
106607	129148.58
106603	25128.282
106602	25286.933
106605	21226.352
106601	25108.525
106604	24228.041
106608	71272.814
106607	129148.58
106608	71272.814
106605	21226.352
106604	24228.041
106605	21226.352
106603	25128.282
106601	25108.525
106605	21226.352
106606	16470.018
106607	129148.58
106601	25108.525
106608	71272.814
106602	25286.933
106608	71272.814
106603	25128.282
106607	129148.58
106604	24228.041
106601	25108.525
106602	25286.933
106607	129148.58
106602	25286.933
106604	24228.041
106606	16470.018
106604	24228.041
106601	25108.525
106603	25128.282
106604	24228.041
106602	25286.933
106601	25108.525
106606	16470.018
106608	71272.814
106604	24228.041
106607	129148.58
106604	24228.041
106608	71272.814
106606	16470.018
106601	25108.525
106605	21226.352
106604	24228.041
106601	25108.525
106601	25108.525
106604	24228.041
106608	71272.814
106605	21226.352
106604	24228.041
106601	25108.525
106607	129148.58
106604	24228.041
106603	25128.282
106605	21226.352
106605	21226.352
106607	129148.58
106603	25128.282
106602	25286.933
106604	24228.041
106608	71272.814
106608	71272.814
106604	24228.041
106608	71272.814
106608	71272.814
106601	25108.525
ERROR: LoadError: MethodError: no method matching getindex(::Void, ::Int64)
 in macro expansion; at /home/stru821/ILC/Workdir/getCrossSections.jl:9 [inlined]
 in anonymous at ./<missing>:?
 in include_from_node1(::String) at ./loading.jl:488
 in process_options(::Base.JLOptions) at ./client.jl:262
 in _start() at ./client.jl:318
while loading /home/stru821/ILC/Workdir/getCrossSections.jl, in expression starting on line 1
