108234	0.0038791175522
106730	11.3349469578
108175	0.02534864033
108214	0.4005338022
108192	0.168878765
108162	0.09243468871
106517	7.4608823
106523	289.08088
108240	0.07834506185
108203	0.008783925795
108181	0.01342616076
108168	0.0012901280314
106512	418.25651
108228	0.0062330443912
108189	0.664886024
106525	114.69973
108165	0.0012900789252
108225	0.0062311344612
108206	0.0334179194
106527	5.8398636
108219	0.15131020563
108163	0.02422987645
106516	15.001266
108215	0.19920555741
108193	0.00905178858
108169	0.0012550676632
106523	289.08088
108207	0.1777845815
108703	5.8558037
108239	0.12238461191
108221	7.718459496
108217	0.15163034664
108201	0.00880251076
108237	0.30844929896
106525	114.69973
108182	0.0345029118
108226	0.44627969617
108220	0.09686842503
108166	0.003315279786
108161	0.0012906098556
106526	73.42555
108190	0.0495878804
108202	0.00563508173
108221	7.718459496
106512	418.25651
106513	109.63745
108183	0.01716002929
106528	5.8416536
106523	289.08088
108224	1.960462185
108167	0.0016488549883
108191	0.263809379
108170	0.0008034535886
108174	0.004764748508
108208	0.1138096025
108180	0.01343580328
108227	0.11698315915
108176	0.01622704655
108205	0.448075364
106525	114.69973
108216	0.15586614678
108200	0.00904840927
106515	5.8374612
108218	0.09706882722
106526	73.42555
106513	109.63745
106512	418.25651
108238	0.023004464516
106518	5.8376834
108221	7.718459496
106513	109.63745
108230	0.016006350822
106521	5.6670489
108186	0.00836173418
108236	0.0038711089703
108223	3.062482791
108177	0.01343168628
108173	0.06388687448
108196	0.00905456308
106520	3.6355366
108171	0.0012524178069
108198	0.0232519623
106512	418.25651
108222	0.5756506116
108231	0.0079607614141
108184	0.01342667182
106525	114.69973
106526	73.42555
108209	0.15592435812
106523	289.08088
108199	0.011564367565
108212	0.15597215112
108213	0.15586021404
106525	114.69973
106526	73.42555
108701	5.6841185
106512	418.25651
108179	0.252166135
108210	11.167448817
108221	7.718459496
106523	289.08088
108702	3.6385132
106524	21.559948
108705	7.4745388
108187	0.01303421247
108164	0.0012910054456
108235	0.0060467411763
108197	0.00904806486
108185	0.01306179016
106522	3.6280309
108211	2.927319915
108221	7.718459496
108194	0.6482975905
106513	109.63745
108178	0.961989973
106519	5.6790392
108172	0.0008017948289
108204	0.005623447895
108232	0.0062288081878
108233	0.0060595348264
106730	11.3349469578
108229	0.0062285711004
36915	63.9447
37623	63.8627
36911	64.2029
37078	15.6981
37152	0.0361037
37151	0.0302073
36891	30.1409
37026	1.76014
36958	2.42015
37149	0.0295146
37023	0.00714565
36979	0.00581244
36941	0.21113
36942	0.552844
36991	0.0278706
37014	0.921003
36978	0.633038
36890	78.7214
36990	1.06473
36943	0.111021
36954	1.00378
37148	0.192551
36945	0.411167
37012	0.0328665
37027	0.0318666
37150	0.0353329
37466	547045.0
37470	547167.0
37471	345111.0
37472	547711.0
37468	548256.0
37472	547711.0
37468	548256.0
37470	547167.0
37466	547045.0
37471	345111.0
37465	345372.0
37469	345161.0
37472	547711.0
37467	345029.0
37469	345161.0
37467	345029.0
37472	547711.0
37465	345372.0
37470	547167.0
37465	345372.0
37472	547711.0
37467	345029.0
37469	345161.0
37467	345029.0
37472	547711.0
37469	345161.0
37470	547167.0
37465	345372.0
37471	345111.0
37465	345372.0
37466	547045.0
37470	547167.0
37468	548256.0
37467	345029.0
37468	548256.0
37467	345029.0
37471	345111.0
37465	345372.0
37470	547167.0
37466	547045.0
37472	547711.0
37468	548256.0
37466	547045.0
37470	547167.0
37471	345111.0
37470	547167.0
37466	547045.0
37471	345111.0
37472	547711.0
37468	548256.0
37469	345161.0
37472	547711.0
37467	345029.0
37465	345372.0
37465	345372.0
37469	345161.0
37467	345029.0
37472	547711.0
37472	547711.0
37467	345029.0
37470	547167.0
37465	345372.0
37470	547167.0
37465	345372.0
37467	345029.0
37472	547711.0
37469	345161.0
37468	548256.0
37467	345029.0
37471	345111.0
37465	345372.0
37466	547045.0
37470	547167.0
37471	345111.0
37465	345372.0
37469	345161.0
37470	547167.0
37466	547045.0
37468	548256.0
37467	345029.0
37466	547045.0
37465	345372.0
37472	547711.0
37467	345029.0
37469	345161.0
37467	345029.0
37472	547711.0
37469	345161.0
37466	547045.0
37465	345372.0
37471	345111.0
37466	547045.0
37470	547167.0
37468	548256.0
37468	548256.0
37471	345111.0
37470	547167.0
37466	547045.0
37466	547045.0
37467	345029.0
37470	547167.0
37471	345111.0
37469	345161.0
37468	548256.0
37469	345161.0
37468	548256.0
37470	547167.0
37466	547045.0
37471	345111.0
37471	345111.0
37465	345372.0
37469	345161.0
37468	548256.0
37472	547711.0
37467	345029.0
37469	345161.0
37468	548256.0
37472	547711.0
37471	345111.0
37465	345372.0
37472	547711.0
37467	345029.0
37469	345161.0
37466	547045.0
37465	345372.0
37466	547045.0
37465	345372.0
37467	345029.0
37472	547711.0
37469	345161.0
37468	548256.0
37471	345111.0
37466	547045.0
37470	547167.0
37471	345111.0
37470	547167.0
37466	547045.0
37468	548256.0
37469	345161.0
37468	548256.0
37466	547045.0
37470	547167.0
37471	345111.0
37470	547167.0
37466	547045.0
37471	345111.0
37469	345161.0
37468	548256.0
37469	345161.0
37468	548256.0
37472	547711.0
37467	345029.0
37471	345111.0
37465	345372.0
37471	345111.0
37465	345372.0
37469	345161.0
37468	548256.0
37467	345029.0
37472	547711.0
37471	345111.0
37470	547167.0
37466	547045.0
37468	548256.0
37468	548256.0
37471	345111.0
37466	547045.0
37470	547167.0
37466	547045.0
37465	345372.0
37467	345029.0
37472	547711.0
37469	345161.0
37472	547711.0
37467	345029.0
37469	345161.0
37466	547045.0
37465	345372.0
37471	345111.0
37465	345372.0
37469	345161.0
37468	548256.0
37467	345029.0
37472	547711.0
37469	345161.0
37468	548256.0
37472	547711.0
37467	345029.0
37471	345111.0
37465	345372.0
37470	547167.0
37466	547045.0
37471	345111.0
37469	345161.0
37468	548256.0
37469	345161.0
37468	548256.0
37466	547045.0
37470	547167.0
37471	345111.0
37468	548256.0
37471	345111.0
37470	547167.0
37466	547045.0
37471	345111.0
37466	547045.0
37470	547167.0
37468	548256.0
37467	345029.0
37472	547711.0
37469	345161.0
37466	547045.0
37465	345372.0
37466	547045.0
37465	345372.0
37472	547711.0
37467	345029.0
37469	345161.0
37469	345161.0
37468	548256.0
37467	345029.0
37472	547711.0
37471	345111.0
37465	345372.0
37471	345111.0
37465	345372.0
37469	345161.0
37468	548256.0
37472	547711.0
37467	345029.0
37469	345161.0
37468	548256.0
37470	547167.0
37466	547045.0
37471	345111.0
37466	547045.0
37470	547167.0
37471	345111.0
37469	345161.0
37468	548256.0
37465	345372.0
37469	345161.0
37467	345029.0
37472	547711.0
37469	345161.0
37472	547711.0
37466	547045.0
37467	345029.0
37465	345372.0
37470	547167.0
37471	345111.0
37472	547711.0
37468	548256.0
37472	547711.0
37468	548256.0
37466	547045.0
37470	547167.0
37471	345111.0
37471	345111.0
37465	345372.0
37470	547167.0
37466	547045.0
37468	548256.0
37467	345029.0
37468	548256.0
37467	345029.0
37471	345111.0
37465	345372.0
37466	547045.0
37470	547167.0
37470	547167.0
37465	345372.0
37467	345029.0
37472	547711.0
37469	345161.0
37472	547711.0
37467	345029.0
37469	345161.0
37470	547167.0
37465	345372.0
37469	345161.0
37467	345029.0
37472	547711.0
37465	345372.0
37465	345372.0
37469	345161.0
37472	547711.0
37467	345029.0
37472	547711.0
37468	548256.0
37470	547167.0
37466	547045.0
37471	345111.0
37466	547045.0
37470	547167.0
37471	345111.0
37472	547711.0
37468	548256.0
37468	548256.0
37467	345029.0
37471	345111.0
37465	345372.0
37470	547167.0
37466	547045.0
37471	345111.0
37465	345372.0
37466	547045.0
37470	547167.0
37468	548256.0
37467	345029.0
37467	345029.0
37472	547711.0
37469	345161.0
37470	547167.0
37465	345372.0
37470	547167.0
37465	345372.0
37472	547711.0
37467	345029.0
37469	345161.0
37465	345372.0
37471	345111.0
37467	345029.0
37472	547711.0
37468	548256.0
37469	345161.0
37470	547167.0
37472	547711.0
37467	345029.0
37468	548256.0
37469	345161.0
37465	345372.0
37471	345111.0
37471	345111.0
37466	547045.0
37468	548256.0
37469	345161.0
37468	548256.0
37469	345161.0
37471	345111.0
37466	547045.0
37470	547167.0
37470	547167.0
37466	547045.0
37471	345111.0
37468	548256.0
37468	548256.0
37466	547045.0
37472	547711.0
37470	547167.0
37471	345111.0
37465	345372.0
37466	547045.0
37469	345161.0
37467	345029.0
37469	345161.0
37472	547711.0
37467	345029.0
37465	345372.0
37466	547045.0
37467	345029.0
37472	547711.0
37468	548256.0
37469	345161.0
37465	345372.0
37471	345111.0
37465	345372.0
37471	345111.0
37472	547711.0
37467	345029.0
37468	548256.0
37469	345161.0
37468	548256.0
37469	345161.0
37471	345111.0
37470	547167.0
37466	547045.0
37471	345111.0
37466	547045.0
37470	547167.0
37468	548256.0
37469	345161.0
37468	548256.0
37470	547167.0
37466	547045.0
37471	345111.0
37466	547045.0
37470	547167.0
37471	345111.0
37468	548256.0
37469	345161.0
37467	345029.0
37472	547711.0
37465	345372.0
37466	547045.0
37465	345372.0
37466	547045.0
37469	345161.0
37472	547711.0
37467	345029.0
37470	547167.0
37466	547045.0
37465	345372.0
37471	345111.0
37467	345029.0
37468	548256.0
37467	345029.0
37468	548256.0
37466	547045.0
37470	547167.0
37465	345372.0
37465	345372.0
37470	547167.0
37469	345161.0
37471	345111.0
37467	345029.0
37472	547711.0
37469	345161.0
37472	547711.0
37467	345029.0
37465	345372.0
37470	547167.0
37465	345372.0
37467	345029.0
37472	547711.0
37469	345161.0
37472	547711.0
37467	345029.0
37469	345161.0
37465	345372.0
37471	345111.0
37470	547167.0
37466	547045.0
37468	548256.0
37472	547711.0
37468	548256.0
37472	547711.0
37471	345111.0
37466	547045.0
37470	547167.0
37467	345029.0
37468	548256.0
37470	547167.0
37466	547045.0
37465	345372.0
37471	345111.0
37466	547045.0
37470	547167.0
37465	345372.0
37471	345111.0
37467	345029.0
37468	548256.0
37469	345161.0
37467	345029.0
37472	547711.0
37465	345372.0
37470	547167.0
37465	345372.0
37470	547167.0
37469	345161.0
37472	547711.0
37467	345029.0
37467	345029.0
37472	547711.0
37469	345161.0
37465	345372.0
37465	345372.0
37472	547711.0
37467	345029.0
37469	345161.0
37468	548256.0
37472	547711.0
37471	345111.0
37470	547167.0
37466	547045.0
37471	345111.0
37466	547045.0
37470	547167.0
37468	548256.0
37472	547711.0
37465	345372.0
37470	547167.0
37469	345161.0
37472	547711.0
37467	345029.0
37469	345161.0
37467	345029.0
37472	547711.0
37465	345372.0
37470	547167.0
37466	547045.0
37470	547167.0
37465	345372.0
37471	345111.0
37467	345029.0
37468	548256.0
37467	345029.0
37468	548256.0
37470	547167.0
37466	547045.0
37465	345372.0
37471	345111.0
37471	345111.0
37466	547045.0
37470	547167.0
37468	548256.0
37472	547711.0
37468	548256.0
37472	547711.0
37471	345111.0
37470	547167.0
37466	547045.0
37465	345372.0
37472	547711.0
37467	345029.0
37469	345161.0
37467	345029.0
37472	547711.0
37469	345161.0
37465	345372.0
37469	345161.0
37472	547711.0
37467	345029.0
37465	345372.0
37468	548256.0
37470	547167.0
37465	345372.0
37470	547167.0
37469	345161.0
37467	345029.0
37472	547711.0
37467	345029.0
37468	548256.0
37466	547045.0
37470	547167.0
37465	345372.0
37471	345111.0
37470	547167.0
37466	547045.0
37465	345372.0
37471	345111.0
37467	345029.0
37468	548256.0
37472	547711.0
37471	345111.0
37466	547045.0
37470	547167.0
37471	345111.0
37470	547167.0
37466	547045.0
37468	548256.0
37472	547711.0
37472	547711.0
37467	345029.0
37469	345161.0
37465	345372.0
37465	345372.0
37467	345029.0
37472	547711.0
37469	345161.0
37471	345111.0
37466	547045.0
37470	547167.0
37468	548256.0
37469	345161.0
37468	548256.0
37469	345161.0
37471	345111.0
37470	547167.0
37466	547045.0
37465	345372.0
37471	345111.0
37472	547711.0
37467	345029.0
37468	548256.0
37469	345161.0
37467	345029.0
37472	547711.0
37468	548256.0
37469	345161.0
37465	345372.0
37471	345111.0
37465	345372.0
37466	547045.0
37469	345161.0
37472	547711.0
37467	345029.0
37469	345161.0
37467	345029.0
37472	547711.0
37465	345372.0
37466	547045.0
37466	547045.0
37470	547167.0
37471	345111.0
37468	548256.0
37468	548256.0
37470	547167.0
37466	547045.0
37471	345111.0
37468	548256.0
37469	345161.0
37465	345372.0
37471	345111.0
37466	547045.0
37470	547167.0
37471	345111.0
37470	547167.0
37466	547045.0
37468	548256.0
37469	345161.0
37472	547711.0
37467	345029.0
37468	548256.0
37469	345161.0
37465	345372.0
37471	345111.0
37471	345111.0
37467	345029.0
37472	547711.0
37468	548256.0
37469	345161.0
37469	345161.0
37472	547711.0
37467	345029.0
37465	345372.0
37466	547045.0
37465	345372.0
37466	547045.0
37469	345161.0
37467	345029.0
37472	547711.0
37468	548256.0
37466	547045.0
37470	547167.0
37471	345111.0
37470	547167.0
37466	547045.0
37471	345111.0
37468	548256.0
250108	4344.86
250114	32470.5
250114	32470.5
250114	32470.5
250116	17994.7
250114	32470.5
250114	32470.5
250116	17994.7
250114	32470.5
250116	17994.7
250116	17994.7
250114	32470.5
250101	2961.98
250114	32470.5
250114	32470.5
250114	32470.5
250116	17994.7
250116	17994.7
250116	17994.7
250114	32470.5
250114	32470.5
250108	4344.86
250114	32470.5
250114	32470.5
250114	32470.5
250116	17994.7
250114	32470.5
250114	32470.5
250104	3372.1
250116	17994.7
250116	17994.7
250114	32470.5
250114	32470.5
250108	4344.86
250114	32470.5
250114	32470.5
250114	32470.5
250116	17994.7
250114	32470.5
250114	32470.5
250116	17994.7
250114	32470.5
250114	32470.5
250114	32470.5
250114	32470.5
250114	32470.5
250114	32470.5
250114	32470.5
250102	3645.16
250114	32470.5
250114	32470.5
250116	17994.7
250114	32470.5
250116	17994.7
250114	32470.5
250114	32470.5
250103	2956.92
250116	17994.7
250116	17994.7
250114	32470.5
250114	32470.5
250114	32470.5
250114	32470.5
250116	17994.7
250114	32470.5
250116	17994.7
250114	32470.5
250106	5547.58
250114	32470.5
250114	32470.5
250114	32470.5
250114	32470.5
250114	32470.5
250114	32470.5
250116	17994.7
250114	32470.5
250106	5547.58
250114	32470.5
250116	17994.7
250116	17994.7
250102	3645.16
250114	32470.5
250114	32470.5
250114	32470.5
250114	32470.5
250116	17994.7
250114	32470.5
250114	32470.5
250116	17994.7
250114	32470.5
250116	17994.7
250114	32470.5
250114	32470.5
250114	32470.5
250114	32470.5
250114	32470.5
250108	4344.86
250114	32470.5
250116	17994.7
250116	17994.7
250114	32470.5
250114	32470.5
250116	17994.7
250116	17994.7
250101	2961.98
250114	32470.5
250114	32470.5
250114	32470.5
250116	17994.7
250114	32470.5
250114	32470.5
250114	32470.5
250116	17994.7
250104	3372.1
250114	32470.5
250116	17994.7
250114	32470.5
250114	32470.5
250114	32470.5
250114	32470.5
250116	17994.7
250114	32470.5
250114	32470.5
250116	17994.7
250116	17994.7
250114	32470.5
250116	17994.7
250116	17994.7
250114	32470.5
250114	32470.5
250114	32470.5
250116	17994.7
250114	32470.5
250108	4344.86
250104	3372.1
250116	17994.7
250116	17994.7
250114	32470.5
250114	32470.5
250114	32470.5
250114	32470.5
250116	17994.7
250116	17994.7
250102	3645.16
250114	32470.5
250114	32470.5
250116	17994.7
250114	32470.5
250114	32470.5
250114	32470.5
250114	32470.5
250116	17994.7
250116	17994.7
250114	32470.5
250114	32470.5
250103	2956.92
250116	17994.7
250114	32470.5
250116	17994.7
250114	32470.5
250114	32470.5
250114	32470.5
250114	32470.5
250114	32470.5
250114	32470.5
250116	17994.7
250114	32470.5
250114	32470.5
250116	17994.7
250114	32470.5
250114	32470.5
250114	32470.5
250116	17994.7
250114	32470.5
250114	32470.5
250114	32470.5
250102	3645.16
250116	17994.7
250116	17994.7
250116	17994.7
250114	32470.5
250114	32470.5
250116	17994.7
252022	786.88645
250114	32470.5
250114	32470.5
250114	32470.5
250103	2956.92
250114	32470.5
250116	17994.7
250114	32470.5
250114	32470.5
250114	32470.5
250114	32470.5
250116	17994.7
250114	32470.5
250116	17994.7
250114	32470.5
250114	32470.5
250108	4344.86
250114	32470.5
250114	32470.5
250114	32470.5
250114	32470.5
250116	17994.7
250116	17994.7
250116	17994.7
250104	3372.1
250114	32470.5
250114	32470.5
250114	32470.5
250114	32470.5
250114	32470.5
250116	17994.7
250116	17994.7
250114	32470.5
250101	2961.98
250116	17994.7
250114	32470.5
250114	32470.5
250114	32470.5
250114	32470.5
250114	32470.5
250116	17994.7
250114	32470.5
250114	32470.5
250116	17994.7
250116	17994.7
250114	32470.5
250114	32470.5
250116	17994.7
250116	17994.7
250114	32470.5
250114	32470.5
250114	32470.5
250116	17994.7
250116	17994.7
250114	32470.5
250114	32470.5
250114	32470.5
250116	17994.7
250116	17994.7
250114	32470.5
250114	32470.5
250116	17994.7
250102	3645.16
250114	32470.5
250114	32470.5
250116	17994.7
250114	32470.5
250114	32470.5
250116	17994.7
250114	32470.5
250114	32470.5
250116	17994.7
250116	17994.7
250114	32470.5
250114	32470.5
250114	32470.5
250114	32470.5
250114	32470.5
250114	32470.5
250103	2956.92
250114	32470.5
250114	32470.5
250116	17994.7
250114	32470.5
250114	32470.5
250116	17994.7
250114	32470.5
250114	32470.5
250114	32470.5
250116	17994.7
250114	32470.5
250114	32470.5
250116	17994.7
250116	17994.7
250116	17994.7
250114	32470.5
250116	17994.7
250114	32470.5
250114	32470.5
250116	17994.7
250116	17994.7
250104	3372.1
250114	32470.5
250114	32470.5
250116	17994.7
250108	4344.86
250114	32470.5
250114	32470.5
250114	32470.5
250114	32470.5
250114	32470.5
250114	32470.5
250116	17994.7
250116	17994.7
250114	32470.5
250116	17994.7
250114	32470.5
250116	17994.7
250116	17994.7
250114	32470.5
250114	32470.5
250114	32470.5
250116	17994.7
250114	32470.5
250114	32470.5
250116	17994.7
250114	32470.5
250114	32470.5
250116	17994.7
250114	32470.5
250114	32470.5
250114	32470.5
250114	32470.5
250114	32470.5
250114	32470.5
250116	17994.7
250114	32470.5
250114	32470.5
250114	32470.5
250114	32470.5
250114	32470.5
250116	17994.7
250114	32470.5
250114	32470.5
250116	17994.7
250116	17994.7
250114	32470.5
250114	32470.5
250114	32470.5
250114	32470.5
250114	32470.5
250114	32470.5
250102	3645.16
250114	32470.5
250114	32470.5
250116	17994.7
250114	32470.5
250114	32470.5
250116	17994.7
250114	32470.5
250114	32470.5
250116	17994.7
250116	17994.7
250114	32470.5
250114	32470.5
250114	32470.5
250114	32470.5
252021	14479.682
252021	14479.682
252021	14479.682
252021	14479.682
250114	32470.5
250116	17994.7
250114	32470.5
250114	32470.5
250114	32470.5
250114	32470.5
250114	32470.5
250116	17994.7
250114	32470.5
250116	17994.7
250106	5547.58
250114	32470.5
250114	32470.5
250114	32470.5
250114	32470.5
250116	17994.7
250114	32470.5
250114	32470.5
250116	17994.7
250114	32470.5
250114	32470.5
250116	17994.7
250116	17994.7
250114	32470.5
250114	32470.5
250114	32470.5
250116	17994.7
250114	32470.5
250114	32470.5
250114	32470.5
250116	17994.7
250103	2956.92
250114	32470.5
250114	32470.5
250116	17994.7
250114	32470.5
250114	32470.5
250114	32470.5
250116	17994.7
250114	32470.5
250114	32470.5
250114	32470.5
250102	3645.16
250116	17994.7
250114	32470.5
250114	32470.5
250114	32470.5
250114	32470.5
250114	32470.5
250114	32470.5
250114	32470.5
250116	17994.7
250116	17994.7
250114	32470.5
250116	17994.7
250114	32470.5
250114	32470.5
250114	32470.5
250114	32470.5
250101	2961.98
250116	17994.7
250114	32470.5
250114	32470.5
250114	32470.5
250116	17994.7
250116	17994.7
250116	17994.7
250116	17994.7
250114	32470.5
250114	32470.5
250116	17994.7
250114	32470.5
250114	32470.5
250114	32470.5
250116	17994.7
250114	32470.5
250114	32470.5
250116	17994.7
250116	17994.7
250114	32470.5
250114	32470.5
250114	32470.5
250114	32470.5
250116	17994.7
250114	32470.5
250114	32470.5
250116	17994.7
250114	32470.5
250116	17994.7
250114	32470.5
250114	32470.5
250116	17994.7
250116	17994.7
250116	17994.7
250114	32470.5
250114	32470.5
250114	32470.5
250114	32470.5
250114	32470.5
250114	32470.5
250114	32470.5
250116	17994.7
250116	17994.7
250116	17994.7
250104	3372.1
250114	32470.5
250114	32470.5
250116	17994.7
250103	2956.92
250114	32470.5
250114	32470.5
250116	17994.7
250114	32470.5
250114	32470.5
250114	32470.5
250114	32470.5
250116	17994.7
250114	32470.5
250114	32470.5
250116	17994.7
250114	32470.5
250116	17994.7
250114	32470.5
250114	32470.5
250114	32470.5
250114	32470.5
250114	32470.5
250114	32470.5
250114	32470.5
250116	17994.7
250116	17994.7
250114	32470.5
250114	32470.5
250114	32470.5
250114	32470.5
250114	32470.5
250114	32470.5
250116	17994.7
250116	17994.7
250114	32470.5
250116	17994.7
250116	17994.7
250114	32470.5
250114	32470.5
250114	32470.5
250116	17994.7
250114	32470.5
250114	32470.5
250114	32470.5
250114	32470.5
250114	32470.5
250116	17994.7
250114	32470.5
250116	17994.7
250114	32470.5
250114	32470.5
250116	17994.7
250114	32470.5
250114	32470.5
250114	32470.5
250116	17994.7
250116	17994.7
250114	32470.5
250114	32470.5
250114	32470.5
250114	32470.5
250114	32470.5
250114	32470.5
250116	17994.7
250114	32470.5
250114	32470.5
250114	32470.5
250114	32470.5
250114	32470.5
250116	17994.7
250116	17994.7
250108	4344.86
250114	32470.5
250114	32470.5
250116	17994.7
250114	32470.5
250116	17994.7
250114	32470.5
250114	32470.5
250114	32470.5
250116	17994.7
250116	17994.7
250101	2961.98
250114	32470.5
250116	17994.7
250114	32470.5
250114	32470.5
250116	17994.7
250116	17994.7
250114	32470.5
250114	32470.5
250116	17994.7
250114	32470.5
250116	17994.7
250114	32470.5
250114	32470.5
250114	32470.5
250114	32470.5
250114	32470.5
250114	32470.5
250116	17994.7
250114	32470.5
250114	32470.5
250114	32470.5
250116	17994.7
250114	32470.5
250114	32470.5
250114	32470.5
250114	32470.5
250102	3645.16
250116	17994.7
250114	32470.5
250114	32470.5
250116	17994.7
250114	32470.5
250114	32470.5
250116	17994.7
250114	32470.5
250114	32470.5
250103	2956.92
250102	3645.16
250116	17994.7
250114	32470.5
250114	32470.5
250114	32470.5
250116	17994.7
250114	32470.5
250114	32470.5
250114	32470.5
250116	17994.7
250106	5547.58
250114	32470.5
250116	17994.7
250114	32470.5
250114	32470.5
250114	32470.5
250114	32470.5
250116	17994.7
250104	3372.1
250116	17994.7
250116	17994.7
250114	32470.5
250114	32470.5
250114	32470.5
250114	32470.5
250114	32470.5
250108	4344.86
250114	32470.5
250114	32470.5
250114	32470.5
250114	32470.5
250114	32470.5
250114	32470.5
250114	32470.5
250116	17994.7
250114	32470.5
250116	17994.7
250114	32470.5
250114	32470.5
250114	32470.5
250116	17994.7
250114	32470.5
250114	32470.5
250116	17994.7
250116	17994.7
250114	32470.5
250114	32470.5
250116	17994.7
250114	32470.5
250116	17994.7
250116	17994.7
250114	32470.5
250114	32470.5
250114	32470.5
250114	32470.5
250104	3372.1
250116	17994.7
250114	32470.5
250114	32470.5
250108	4344.86
250114	32470.5
250114	32470.5
250114	32470.5
250114	32470.5
250116	17994.7
250101	2961.98
250116	17994.7
250114	32470.5
250114	32470.5
250116	17994.7
250116	17994.7
250102	3645.16
250114	32470.5
250114	32470.5
250114	32470.5
250116	17994.7
250114	32470.5
250114	32470.5
250114	32470.5
250114	32470.5
250103	2956.92
250114	32470.5
250114	32470.5
250114	32470.5
250116	17994.7
250114	32470.5
250114	32470.5
250114	32470.5
250114	32470.5
250114	32470.5
250116	17994.7
250116	17994.7
250114	32470.5
250102	3645.16
250116	17994.7
250114	32470.5
250106	5547.58
250116	17994.7
250114	32470.5
250114	32470.5
250114	32470.5
250114	32470.5
250116	17994.7
250116	17994.7
250114	32470.5
250114	32470.5
250114	32470.5
250114	32470.5
250103	2956.92
250116	17994.7
250114	32470.5
250116	17994.7
250116	17994.7
250116	17994.7
250114	32470.5
250114	32470.5
250116	17994.7
250114	32470.5
250114	32470.5
250114	32470.5
250116	17994.7
250114	32470.5
250114	32470.5
250116	17994.7
250116	17994.7
250114	32470.5
250114	32470.5
250114	32470.5
250116	17994.7
250114	32470.5
250114	32470.5
250108	4344.86
250114	32470.5
250104	3372.1
250116	17994.7
250116	17994.7
250116	17994.7
250116	17994.7
250114	32470.5
250114	32470.5
250114	32470.5
250114	32470.5
250114	32470.5
250114	32470.5
250108	4344.86
250116	17994.7
250114	32470.5
250114	32470.5
250114	32470.5
250116	17994.7
250104	3372.1
250114	32470.5
250114	32470.5
250116	17994.7
250114	32470.5
250116	17994.7
250114	32470.5
250114	32470.5
250116	17994.7
37557	21.3363
37576	4.61363
37545	2439.49
37547	697.098
37569	331.658
37568	276.107
37548	66.4308
37572	46.593
37570	217.266
37567	1354.39
37551	113.35
37554	28.5609
37555	29.6484
37553	101.572
37563	19426.3
37558	5.39281
37557	21.3363
37560	0.493246
37559	5.60087
37574	26.9123
37546	673.338
37565	2181.92
37570	217.266
37572	46.593
37568	276.107
37569	331.658
37571	219.191
37547	697.098
37545	2439.49
37561	31029.2
37556	2.83444
37549	390.717
37573	48.896
37575	27.155
37574	26.9123
37558	5.39281
37560	0.493246
37559	5.60087
37553	101.572
37550	110.001
37552	10.957
37555	29.6484
37549	390.717
37556	2.83444
37562	19341.4
37564	3936.22
37565	2181.92
37546	673.338
37571	219.191
37566	1345.93
37576	4.61363
37575	27.155
37573	48.896
37557	21.3363
37558	5.39281
37564	3936.22
37562	19341.4
37549	390.717
37554	28.5609
37551	113.35
37552	10.957
37550	110.001
37555	29.6484
37553	101.572
37566	1345.93
37548	66.4308
37570	217.266
37546	673.338
37547	697.098
37571	219.191
37552	10.957
37549	390.717
37558	5.39281
37559	5.60087
37557	21.3363
37560	0.493246
37573	48.896
37575	27.155
37571	219.191
37569	331.658
37566	1345.93
37545	2439.49
37546	673.338
37572	46.593
37554	28.5609
37564	3936.22
37562	19341.4
37550	110.001
37555	29.6484
37553	101.572
37560	0.493246
37557	21.3363
37551	113.35
37556	2.83444
37554	28.5609
37561	31029.2
37563	19426.3
37555	29.6484
37550	110.001
37553	101.572
37569	331.658
37545	2439.49
37565	2181.92
37567	1354.39
37548	66.4308
37572	46.593
37574	26.9123
37576	4.61363
37557	21.3363
37559	5.60087
37552	10.957
37563	19426.3
37561	31029.2
37551	113.35
37554	28.5609
37549	390.717
37556	2.83444
37570	217.266
37548	66.4308
37567	1354.39
37565	2181.92
37547	697.098
37568	276.107
37573	48.896
37575	27.155
37576	4.61363
37574	26.9123
37558	5.39281
37559	5.60087
37432	0.000612931
37429	0.00705185
37396	0.0789237
37447	7.5374
37411	1.37937
37454	6.08296
37427	0.399729
37403	0.948673
37439	4.38634
37435	2.29716
37430	0.00380342
37433	1.7671
37462	0.0107719
37464	0.00323274
37445	5.07272
37394	1.32918
37401	4.1323
37425	0.458839
37456	7.5882
37418	7.70921
37390	0.43307
37417	34.9744
37458	0.624118
37441	1.13564
37437	3.4178
37423	0.0319104
37450	0.327111
37385	1.05534
37398	0.432893
37405	12.143
37389	2.0267
37392	0.0250269
37443	1.58403
37452	0.323697
37421	0.0589052
37449	0.297581
37407	2.7604
37415	2.75262
37413	12.1483
37387	0.251437
37408	0.157326
37388	0.016846
37434	2.2876
37431	0.00382497
37463	0.0108503
37460	0.613193
37395	1.37797
37393	6.07231
37409	6.07841
37412	0.0789254
37420	0.498194
37455	6.0924
37453	4.36134
37402	0.913207
37426	0.398236
37404	0.0576705
37397	2.021
37438	4.37807
37457	0.571259
37461	0.0179158
37436	2.50692
37446	7.51864
37417	34.9744
37410	1.32418
37386	0.24197
37406	2.64389
37414	2.6461
37400	0.0250833
37442	1.58363
37451	0.32792
37440	4.78028
37422	0.0317042
37424	0.00508054
37416	0.156964
37399	0.452265
37428	0.220689
37448	10.2896
37419	8.01235
37391	0.4511
37459	0.627428
37577	98525100.0
37580	230318000.0
39173	139682798.582608
39175	230493532.161010
39165	139345670.268516
37578	152174000.0
39172	81216683.9228761
39174	139577371.485778
39164	80995266.7643416
39166	139416564.181539
39166	139416564.181539
39172	81216683.9228761
39174	139577371.485778
39167	230461930.262242
37578	152174000.0
37578	152174000.0
37579	152207000.0
39166	139416564.181539
39164	80995266.7643416
39174	139577371.485778
39172	81216683.9228761
39166	139416564.181539
39172	81216683.9228761
39174	139577371.485778
39164	80995266.7643416
37578	152174000.0
39167	230461930.262242
37579	152207000.0
39167	230461930.262242
37579	152207000.0
39164	80995266.7643416
39166	139416564.181539
39174	139577371.485778
39172	81216683.9228761
37579	152207000.0
39167	230461930.262242
37578	152174000.0
39167	230461930.262242
39166	139416564.181539
39164	80995266.7643416
39174	139577371.485778
39172	81216683.9228761
39164	80995266.7643416
39167	230461930.262242
37579	152207000.0
37578	152174000.0
39167	230461930.262242
37579	152207000.0
39166	139416564.181539
39172	81216683.9228761
39174	139577371.485778
39167	230461930.262242
37579	152207000.0
39167	230461930.262242
39166	139416564.181539
39164	80995266.7643416
39174	139577371.485778
39166	139416564.181539
39164	80995266.7643416
39172	81216683.9228761
39174	139577371.485778
37579	152207000.0
37578	152174000.0
39167	230461930.262242
39166	139416564.181539
39164	80995266.7643416
39172	81216683.9228761
39174	139577371.485778
39174	139577371.485778
39172	81216683.9228761
39164	80995266.7643416
39166	139416564.181539
37578	152174000.0
37579	152207000.0
39167	230461930.262242
37578	152174000.0
37476	425807.0
37476	425807.0
37475	124585.0
37476	425807.0
37475	124585.0
37476	425807.0
37475	124585.0
37476	425807.0
37476	425807.0
37476	425807.0
37476	425807.0
37476	425807.0
37475	124585.0
37476	425807.0
37475	124585.0
37476	425807.0
37476	425807.0
37475	124585.0
37476	425807.0
37475	124585.0
37476	425807.0
37476	425807.0
37475	124585.0
37476	425807.0
37475	124585.0
37475	124585.0
37475	124585.0
37476	425807.0
37476	425807.0
37476	425807.0
37476	425807.0
37475	124585.0
37475	124585.0
37476	425807.0
37476	425807.0
37475	124585.0
37475	124585.0
37475	124585.0
37476	425807.0
37475	124585.0
37476	425807.0
37476	425807.0
37476	425807.0
37475	124585.0
37475	124585.0
37476	425807.0
37476	425807.0
37475	124585.0
37475	124585.0
37476	425807.0
37476	425807.0
37476	425807.0
37476	425807.0
37476	425807.0
37476	425807.0
37475	124585.0
37475	124585.0
37476	425807.0
37475	124585.0
37476	425807.0
37476	425807.0
37476	425807.0
37476	425807.0
37476	425807.0
37475	124585.0
37475	124585.0
37475	124585.0
37476	425807.0
37476	425807.0
37476	425807.0
37476	425807.0
37475	124585.0
37475	124585.0
37475	124585.0
37476	425807.0
37475	124585.0
37476	425807.0
37476	425807.0
37476	425807.0
37475	124585.0
37476	425807.0
37476	425807.0
37475	124585.0
37476	425807.0
37475	124585.0
37476	425807.0
37476	425807.0
37476	425807.0
37476	425807.0
37476	425807.0
37475	124585.0
37476	425807.0
37476	425807.0
37475	124585.0
37476	425807.0
37476	425807.0
37475	124585.0
37476	425807.0
37476	425807.0
37476	425807.0
37476	425807.0
37476	425807.0
37475	124585.0
37476	425807.0
37475	124585.0
37476	425807.0
37476	425807.0
37476	425807.0
37476	425807.0
37476	425807.0
37475	124585.0
37476	425807.0
37475	124585.0
37475	124585.0
37476	425807.0
37476	425807.0
37475	124585.0
37475	124585.0
37476	425807.0
37476	425807.0
37476	425807.0
37475	124585.0
37476	425807.0
37475	124585.0
37475	124585.0
37475	124585.0
37476	425807.0
37476	425807.0
250018	9521.45
250037	1775.49
250006	7680.69
250018	9521.45
250042	7805.53
250036	7107.69
250006	7680.69
250012	78.6961
250033	6991.01
250018	9521.45
250042	7805.53
250006	7680.69
250042	7805.53
250018	9521.45
250006	7680.69
250010	6400.11
250018	9521.45
250004	271.876
250010	6400.11
250041	753.07
250018	9521.45
250035	6985.0
250018	9521.45
250010	6400.11
250006	7680.69
250006	7680.69
250044	22.8265
250010	6400.11
250034	7257.72
250036	7107.69
250018	9521.45
250010	6400.11
250010	6400.11
250037	1775.49
250006	7680.69
250018	9521.45
250052	28.5533
250010	6400.11
250041	753.07
250038	1961.13
250010	6400.11
250033	6991.01
250042	7805.53
250018	9521.45
250006	7680.69
250018	9521.45
250042	7805.53
250018	9521.45
250033	6991.01
250006	7680.69
250058	951.715
250018	9521.45
250006	7680.69
250018	9521.45
250010	6400.11
250038	1961.13
250042	7805.53
250006	7680.69
250006	7680.69
250010	6400.11
250035	6985.0
250042	7805.53
250010	6400.11
250010	6400.11
250034	7257.72
250035	6985.0
250042	7805.53
250010	6400.11
250006	7680.69
250046	2605.8
250006	7680.69
250050	1010.93
250058	951.715
250010	6400.11
250034	7257.72
250006	7680.69
250002	680.225
250010	6400.11
250039	1778.01
250018	9521.45
250042	7805.53
250006	7680.69
250018	9521.45
250006	7680.69
250010	6400.11
250018	9521.45
250010	6400.11
250006	7680.69
250038	1961.13
250040	1726.55
250032	19.0229
250042	7805.53
250037	1775.49
250010	6400.11
250035	6985.0
250018	9521.45
250010	6400.11
250018	9521.45
250010	6400.11
250006	7680.69
250010	6400.11
250045	252.121
250006	7680.69
250018	9521.45
250006	7680.69
250033	6991.01
250042	7805.53
250006	7680.69
250036	7107.69
250006	7680.69
250037	1775.49
250018	9521.45
250018	9521.45
250010	6400.11
250006	7680.69
250006	7680.69
250033	6991.01
250042	7805.53
250018	9521.45
250006	7680.69
250042	7805.53
250038	1961.13
250006	7680.69
250018	9521.45
250037	1775.49
250010	6400.11
250006	7680.69
250010	6400.11
250041	753.07
250018	9521.45
250042	7805.53
250010	6400.11
250034	7257.72
250006	7680.69
250042	7805.53
250033	6991.01
250006	7680.69
250010	6400.11
250018	9521.45
250058	951.715
250039	1778.01
250010	6400.11
250034	7257.72
250010	6400.11
250042	7805.53
250040	1726.55
250010	6400.11
250006	7680.69
250038	1961.13
250040	1726.55
250042	7805.53
250010	6400.11
250018	9521.45
250006	7680.69
250046	2605.8
250018	9521.45
250034	7257.72
250006	7680.69
250039	1778.01
250042	7805.53
250018	9521.45
250033	6991.01
250038	1961.13
250036	7107.69
250035	6985.0
250040	1726.55
250042	7805.53
250006	7680.69
250042	7805.53
250010	6400.11
250006	7680.69
250018	9521.45
250006	7680.69
250010	6400.11
250018	9521.45
250042	7805.53
250006	7680.69
250002	680.225
250014	608.57
250039	1778.01
250058	951.715
250006	7680.69
250010	6400.11
250034	7257.72
250042	7805.53
250046	2605.8
250010	6400.11
250042	7805.53
250010	6400.11
250042	7805.53
250035	6985.0
250038	1961.13
250006	7680.69
250018	9521.45
250006	7680.69
250018	9521.45
250042	7805.53
250033	6991.01
250036	7107.69
250042	7805.53
250037	1775.49
250006	7680.69
250018	9521.45
250010	6400.11
250018	9521.45
250016	288.362
250010	6400.11
250034	7257.72
250010	6400.11
250010	6400.11
250006	7680.69
250010	6400.11
250006	7680.69
250004	271.876
250018	9521.45
250042	7805.53
250035	6985.0
250041	753.07
250006	7680.69
250010	6400.11
250033	6991.01
250042	7805.53
250010	6400.11
250006	7680.69
250018	9521.45
250042	7805.53
250006	7680.69
250010	6400.11
250042	7805.53
250033	6991.01
250006	7680.69
250036	7107.69
250042	7805.53
250006	7680.69
250018	9521.45
250037	1775.49
250010	6400.11
250006	7680.69
250006	7680.69
250038	1961.13
250036	7107.69
250006	7680.69
250010	6400.11
250018	9521.45
250006	7680.69
250018	9521.45
250014	608.57
250006	7680.69
250002	680.225
250042	7805.53
250018	9521.45
250034	7257.72
250010	6400.11
250043	750.068
250039	1778.01
250010	6400.11
250046	2605.8
250042	7805.53
250035	6985.0
250040	1726.55
250010	6400.11
250034	7257.72
250010	6400.11
250006	7680.69
250042	7805.53
250010	6400.11
250051	156.837
250042	7805.53
250006	7680.69
250006	7680.69
250038	1961.13
250035	6985.0
250042	7805.53
250040	1726.55
250042	7805.53
250035	6985.0
250054	278.797
250006	7680.69
250042	7805.53
250018	9521.45
250006	7680.69
250010	6400.11
250018	9521.45
250010	6400.11
250006	7680.69
250042	7805.53
250039	1778.01
250006	7680.69
250043	750.068
250002	680.225
250006	7680.69
250018	9521.45
250030	819.819
250010	6400.11
250010	6400.11
250018	9521.45
250018	9521.45
250006	7680.69
250036	7107.69
250018	9521.45
250042	7805.53
250018	9521.45
250042	7805.53
250033	6991.01
250006	7680.69
250018	9521.45
250028	4.16979
250006	7680.69
250006	7680.69
250037	1775.49
250018	9521.45
250010	6400.11
250006	7680.69
250036	7107.69
250042	7805.53
250006	7680.69
250042	7805.53
250033	6991.01
250006	7680.69
250018	9521.45
250042	7805.53
250006	7680.69
250006	7680.69
250010	6400.11
250010	6400.11
250035	6985.0
250018	9521.45
250041	753.07
250036	7107.69
250010	6400.11
250010	6400.11
250006	7680.69
250010	6400.11
250035	6985.0
250042	7805.53
250018	9521.45
250010	6400.11
250050	1010.93
250046	2605.8
250018	9521.45
250010	6400.11
250058	951.715
250042	7805.53
250018	9521.45
250039	1778.01
250014	608.57
250006	7680.69
250002	680.225
250018	9521.45
250006	7680.69
250018	9521.45
250010	6400.11
250037	1775.49
250006	7680.69
250040	1726.55
250042	7805.53
250038	1961.13
250036	7107.69
250006	7680.69
250039	1778.01
250010	6400.11
250006	7680.69
250002	680.225
250033	6991.01
250018	9521.45
250042	7805.53
250006	7680.69
250018	9521.45
250010	6400.11
250006	7680.69
250008	33.5218
250018	9521.45
250010	6400.11
250040	1726.55
250042	7805.53
250038	1961.13
250035	6985.0
250010	6400.11
250006	7680.69
250042	7805.53
250006	7680.69
250010	6400.11
250010	6400.11
250006	7680.69
250034	7257.72
250010	6400.11
250042	7805.53
250038	1961.13
250042	7805.53
250035	6985.0
250006	7680.69
250006	7680.69
250042	7805.53
250006	7680.69
250010	6400.11
250034	7257.72
250010	6400.11
250006	7680.69
250010	6400.11
250018	9521.45
250039	1778.01
250043	750.068
250006	7680.69
250033	6991.01
250042	7805.53
250018	9521.45
250006	7680.69
250035	6985.0
250042	7805.53
250040	1726.55
250038	1961.13
250010	6400.11
250006	7680.69
250018	9521.45
250042	7805.53
250018	9521.45
250018	9521.45
250042	7805.53
250039	1778.01
250034	7257.72
250002	680.225
250006	7680.69
250042	7805.53
250040	1726.55
250036	7107.69
250038	1961.13
250006	7680.69
250018	9521.45
250010	6400.11
250006	7680.69
250042	7805.53
250040	1726.55
250035	6985.0
250043	750.068
250010	6400.11
250034	7257.72
250039	1778.01
250018	9521.45
250010	6400.11
250050	1010.93
250033	6991.01
250042	7805.53
250010	6400.11
250006	7680.69
250006	7680.69
250010	6400.11
250010	6400.11
250035	6985.0
250042	7805.53
250018	9521.45
250006	7680.69
250010	6400.11
250006	7680.69
250036	7107.69
250042	7805.53
250010	6400.11
250037	1775.49
250018	9521.45
250010	6400.11
250006	7680.69
250006	7680.69
250042	7805.53
250018	9521.45
250006	7680.69
250042	7805.53
250033	6991.01
250036	7107.69
250042	7805.53
250006	7680.69
250018	9521.45
250006	7680.69
250037	1775.49
250018	9521.45
250006	7680.69
250042	7805.53
250018	9521.45
250006	7680.69
250030	819.819
250010	6400.11
250010	6400.11
250010	6400.11
250037	1775.49
250010	6400.11
250016	288.362
250018	9521.45
250018	9521.45
250006	7680.69
250010	6400.11
250040	1726.55
250038	1961.13
250010	6400.11
250006	7680.69
250033	6991.01
250042	7805.53
250018	9521.45
250039	1778.01
250043	750.068
250006	7680.69
250010	6400.11
250018	9521.45
250006	7680.69
250006	7680.69
250010	6400.11
250010	6400.11
250034	7257.72
250058	951.715
250006	7680.69
250010	6400.11
250010	6400.11
250006	7680.69
250047	252.001
250042	7805.53
250050	1010.93
250010	6400.11
250034	7257.72
250002	680.225
250058	951.715
250035	6985.0
250010	6400.11
250018	9521.45
250042	7805.53
250006	7680.69
250010	6400.11
250018	9521.45
250006	7680.69
250042	7805.53
250040	1726.55
250038	1961.13
250002	680.225
250043	750.068
250006	7680.69
250018	9521.45
250042	7805.53
250042	7805.53
250010	6400.11
250006	7680.69
250042	7805.53
250018	9521.45
250006	7680.69
250018	9521.45
250037	1775.49
250006	7680.69
250036	7107.69
250042	7805.53
250006	7680.69
250010	6400.11
250010	6400.11
250004	271.876
250018	9521.45
250036	7107.69
250041	753.07
250006	7680.69
250010	6400.11
250010	6400.11
250006	7680.69
250010	6400.11
250018	9521.45
250018	9521.45
250010	6400.11
250010	6400.11
250006	7680.69
250030	819.819
250010	6400.11
250034	7257.72
250006	7680.69
250042	7805.53
250018	9521.45
250033	6991.01
250018	9521.45
250006	7680.69
250018	9521.45
250006	7680.69
250042	7805.53
250018	9521.45
250046	2605.8
250010	6400.11
250058	951.715
250034	7257.72
250010	6400.11
250010	6400.11
250035	6985.0
250006	7680.69
250010	6400.11
250018	9521.45
250010	6400.11
250006	7680.69
250036	7107.69
250040	1726.55
250006	7680.69
250010	6400.11
250042	7805.53
250018	9521.45
250010	6400.11
250002	680.225
250006	7680.69
250039	1778.01
250014	608.57
250018	9521.45
250006	7680.69
250010	6400.11
250018	9521.45
250026	790.713
250006	7680.69
250042	7805.53
250040	1726.55
250002	680.225
250006	7680.69
250043	750.068
250058	951.715
250018	9521.45
250006	7680.69
250018	9521.45
250018	9521.45
250010	6400.11
250014	608.57
250058	951.715
250002	680.225
250034	7257.72
250010	6400.11
250035	6985.0
250010	6400.11
250018	9521.45
250042	7805.53
250010	6400.11
250036	7107.69
250018	9521.45
250010	6400.11
250060	58.9838
250006	7680.69
250006	7680.69
250010	6400.11
250034	7257.72
250033	6991.01
250042	7805.53
250006	7680.69
250010	6400.11
250018	9521.45
250006	7680.69
250018	9521.45
250006	7680.69
250037	1775.49
250036	7107.69
250038	1961.13
250041	753.07
250010	6400.11
250006	7680.69
250039	1778.01
250006	7680.69
250033	6991.01
250042	7805.53
250006	7680.69
250018	9521.45
250042	7805.53
250006	7680.69
250037	1775.49
250018	9521.45
250006	7680.69
250042	7805.53
250018	9521.45
250036	7107.69
250018	9521.45
250004	271.876
250010	6400.11
250048	8.37009
250018	9521.45
250018	9521.45
250006	7680.69
250010	6400.11
250010	6400.11
250056	14.8503
250010	6400.11
250006	7680.69
250018	9521.45
250002	680.225
250006	7680.69
250039	1778.01
250014	608.57
250042	7805.53
250018	9521.45
250036	7107.69
250042	7805.53
250040	1726.55
250035	6985.0
250006	7680.69
250010	6400.11
250018	9521.45
250042	7805.53
250035	6985.0
250042	7805.53
250038	1961.13
250010	6400.11
250042	7805.53
250034	7257.72
250010	6400.11
250006	7680.69
250024	36.8321
250046	2605.8
250010	6400.11
250042	7805.53
250010	6400.11
250035	6985.0
250040	1726.55
250039	1778.01
250058	951.715
250010	6400.11
250010	6400.11
250018	9521.45
250006	7680.69
250046	2605.8
250018	9521.45
250042	7805.53
250033	6991.01
250002	680.225
250006	7680.69
250043	750.068
250034	7257.72
250039	1778.01
250038	1961.13
250042	7805.53
250040	1726.55
250026	790.713
250006	7680.69
250018	9521.45
250006	7680.69
250010	6400.11
250006	7680.69
250022	60.0221
250042	7805.53
250038	1961.13
250037	1775.49
250006	7680.69
250018	9521.45
250006	7680.69
250010	6400.11
250018	9521.45
250006	7680.69
250033	6991.01
250018	9521.45
250042	7805.53
250033	6991.01
250006	7680.69
250034	7257.72
250010	6400.11
250010	6400.11
250049	156.722
250010	6400.11
250041	753.07
250042	7805.53
250018	9521.45
250016	288.362
250010	6400.11
250006	7680.69
250010	6400.11
250018	9521.45
250010	6400.11
250037	1775.49
250004	271.876
250041	753.07
250018	9521.45
250035	6985.0
250042	7805.53
250036	7107.69
250018	9521.45
250042	7805.53
250006	7680.69
250012	78.6961
250033	6991.01
250042	7805.53
250006	7680.69
252004	79.1621787139
39212 	81276125.4867
39213	139575463.535437
39214	139513783.422826
39215	230578333.352094
37534	20722.5
37536	20775.1
37533	10942.1
37444	1.91117
37537	25320.0
37534	20722.5
37503	8190.22
37516	2359.35
37533	10942.1
37532	15787.6
37506	20752.9
37498	2182.03
37512	41535.7
37528	2182.19
37536	20775.1
37542	2361.66
37508	20649.8
37531	8431.98
37510	41641.3
37530	15357.5
37501	8465.73
37510	41641.3
37531	8431.98
37536	20775.1
37514	2783.11
37508	20649.8
37542	2361.66
37543	1475.47
37489	742.357
37493	936.094
37535	10991.8
37497	2770.32
37511	25325.6
37505	10988.7
37529	8207.99
37509	25428.5
37504	15348.5
37507	10942.9
37538	41541.1
37527	2772.04
37544	2784.96
37540	41720.5
37539	25435.6
37502	15732.8
37490	880.757
37494	739.274
37541	1234.89
37513	1474.88
37515	1232.65
37523	936.929
37519	742.171
37520	881.78
37524	740.043
37492	333.933
37518	334.381
37491	175.855
37517	175.839
37474	124298.0
37481	33021.3
37483	93144.5
37486	8730.23
37479	242784.0
37480	831956.0
37488	27174.7
37478	242538.0
37482	92984.3
37487	8740.04
37473	41837.0
37485	3093.29
37484	289916.0
37477	86486.6
